3,485,708,468,442
3,477,687,469,446
4,478,687,469,450
4,442,661,442,425
4,449,646,441,438
5,442,637,441,422
5,483,694,517,514
5,519,698,521,526
6,462,556,520,521
6,496,695,605,564
6,518,695,569,587
7,524,684,569,559
7,473,661,567,552
7,501,666,566,550
8,523,689,569,553
8,491,675,541,529
8,504,674,561,530
9,504,607,540,533
9,491,689,510,533
9,500,685,511,506
10,488,631,529,526
10,521,772,477,476
10,499,705,478,477
11,484,664,478,476
11,504,740,442,470
11,491,701,443,450
12,482,667,442,446
12,456,696,412,414
12,467,678,412,420
13,469,675,463,419
13,436,676,381,387
13,467,693,383,382
14,416,568,376,390
14,405,620,381,367
14,445,680,387,395
15,403,572,361,381
15,488,775,330,340
15,437,685,329,340
16,384,554,328,340
16,426,704,329,315
16,428,684,327,334
17,370,567,310,315
17,429,706,292,299
17,411,672,294,299
18,351,533,294,296
18,434,742,280,295
18,411,672,277,307
19,318,476,299,284
19,463,795,268,289
19,407,675,279,268
20,386,643,259,292
20,419,744,245,252
20,408,684,248,250
21,365,592,246,264
21,421,714,233,260
21,384,662,228,263
22,354,594,232,248
22,459,803,226,230
22,396,680,224,232
23,375,647,223,230
23,439,791,236,220
23,398,676,212,236
24,347,554,213,219
24,471,854,202,214
24,418,739,204,214
25,279,432,203,214
25,424,743,187,223
25,390,671,180,211
26,333,567,190,210
26,410,721,197,207
26,377,661,189,209
27,362,629,207,207
27,423,716,186,221
27,369,653,183,201
28,356,626,187,192
28,386,676,198,195
28,356,639,180,198
29,291,496,199,216
29,419,737,173,201
29,373,661,193,199
30,365,648,175,198
30,431,764,172,193
30,365,646,194,197
31,338,600,172,192
31,380,680,194,212
31,368,656,175,197
32,319,547,162,195
32,406,733,175,197
32,360,643,169,206
33,336,586,168,192
33,452,817,168,192
33,378,659,169,222
34,292,479,169,194
34,381,678,177,194
34,355,639,173,213
35,336,575,169,214
35,347,637,189,173
35,361,648,171,184
36,297,515,168,197
36,291,513,200,191
36,371,666,169,195
37,408,733,170,190
37,408,735,168,179
37,356,655,171,190
38,336,628,173,177
38,411,752,171,178
38,369,663,178,191
39,340,634,171,181
39,417,757,170,190
39,370,656,168,207
40,355,615,169,176
40,410,711,194,191
40,365,652,174,189
41,352,634,174,190
41,392,693,199,191
41,367,657,168,179
42,351,632,172,190
42,420,744,168,188
42,359,653,205,172
43,293,491,160,192
43,407,744,174,186
43,364,654,173,193
44,329,581,168,186
44,416,754,162,172
44,364,657,174,207
45,298,504,174,167
45,406,748,170,183
45,359,652,173,193
46,263,416,173,181
46,418,758,167,175
46,359,653,161,171
47,278,478,175,172
47,397,737,172,174
47,361,656,174,191
48,345,631,174,171
48,408,723,203,183
48,369,656,177,188
49,344,629,168,185
49,428,719,179,163
49,364,636,166,178
50,268,463,180,155
50,372,701,175,144
50,382,678,173,194
51,278,493,174,154
51,445,819,175,173
51,374,679,175,147
52,303,536,209,174
52,402,740,186,174
52,354,645,172,146
53,233,391,179,143
53,413,712,186,179
53,375,664,174,173
54,303,526,176,176
54,432,783,172,161
54,365,680,179,173
55,258,464,172,171
55,464,844,166,146
55,375,695,179,171
56,300,509,172,173
56,423,771,172,172
56,356,658,172,147
57,250,420,175,167
57,419,776,174,150
57,357,657,218,156
58,322,587,186,163
58,436,805,188,167
58,367,673,174,157
59,331,601,172,190
59,431,827,162,144
59,396,734,171,167
60,291,505,167,167
60,445,825,164,141
60,368,684,174,167
61,341,641,161,184
