3,1023,1023,1023,960
3,633,868,343,305
4,574,783,346,323
4,406,625,395,355
4,421,627,401,394
5,457,639,466,374
5,623,858,462,502
5,594,791,573,491
6,503,674,409,445
6,821,1023,624,639
6,747,948,656,634
7,661,896,604,572
7,650,880,634,585
7,628,795,617,595
8,603,767,671,607
8,784,976,602,675
8,688,876,667,602
9,626,832,606,578
9,753,970,704,558
9,719,918,572,524
10,657,880,628,586
10,1023,1023,562,578
10,868,1023,573,560
11,784,966,552,555
11,938,1023,518,560
11,772,959,549,521
12,603,715,506,456
12,1023,1023,487,527
12,798,1023,489,454
13,528,672,391,391
13,754,1000,455,483
13,643,843,428,459
14,709,844,432,426
